21
22
35
3
21
12
18
14
16
8
0
19
6
12
18
9
14
34
12
25
14
16
17
23
10
6
30
29
22
8
5
10
8
31
12
5
17
9
2
23
4
25
8
14
17
36
21
32
1
36
35
36
28
16
8
16
18
11
19
35
33
0
4
1
4
20
18
27
13
12
24
34
22
27
36
27
24
10
13
18
3
7
36
9
25
28
8
34
20
14
10
2
28
1
25
16
34
19
19
31
23
16
25
15
14
1
16
22
14
9
17
20
6
28
2
35
8
26
22
35
12
33
17
35
31
5
1
20
1
27
9
6
7
16
2
-1
21
21
18
32
15
33
24
24
13
32
19
12
24
-1
25
6
11
17
23
4
0
27
5
1
32
17
9
9
35
17
29
35
19
24
7
9
0
1
13
8
16
22
15
15
20
3
8
33
4
18
17
7
-1
33
1
13
14
17
11
28
7
12
28
-1
34
33
33
20
16
10
26
-1
30
4
22
36
7
30
8
2
25
34
9
10
21
21
18
29
22
3
18
5
31
17
15
3
2
25
12
-1
8
-1
10
0
22
28
0
29
13
31
32
13
6
9
16
25
35
31
21
24
1
35
17
13
35
35
4
16
18
28
32
7
35
9
19
35
13
1
14
33
12
12
2
31
27
19
21
19
1
16
7
17
30
12
7
10
15
0
24
34
4
36
23
20
25
25
36
21
32
8
1
5
27
15
19
16
24
23
30
33
32
18
20
30
36
21
8
29
34
3
20
4
25
36
30
17
13
22
24
19
27
29
14
30
12
33