33
22
26
10
21
22
16
0
30
20
17
26
14
8
7
30
2
11
26
32
27
0
35
34
9
23
13
20
16
8
1
25
10
25
20
19
19
28
7
30
24
14
17
25
18
21
2
36
15
34
6
17
21
12
25
18
2
12
27
8
6
16
17
18
25
5
21
2
10
26
21
22
21
29
25
12
25
13
23
7
26
19
30
29
11
20
35
3
29
17
17
36
-1
18
7
9
25
29
25
35
26
9
11
0
23
6
12
35
1
17
36
9
18
6
13
30
3
32
35
33
14
30
12
2
6
5
-1
23
34
30
28
18
6
-1
31
0
15
24
5
20
9
31
26
16
4
31
24
26
8
23
31
5
17
22
12
12
4
19
32
15
4
35
34
18
3
16
6
32
4
0
0
34
31
24
22
30
14
1
35
4
8
19
26
27
22
15
28
8
29
29
31
8
24
3
12
15
8
36
15
0
4
9
7
34
22