22
35
3
21
12
18
14
16
8
0
19
6
12
18
9
14
34
12
25
14
16
17
23
10
6
30
29
22
8
5
10
8
31
12
5
17
9
2
23
4
25
8
14
17
36
21
32
1
36
35
36
28
16
8
16
18
11
19
35
33
0
4
1
4
20
18
27
13
12
24
34
22
27
36
27
24
10
13
18
3
7
36
9
25
28
8
34
20
14
10
2
28
1
25
16
34
19
19
31
23
16
25
15
16
22
14
9
17
20
6
28
2
35
8
26
22
35
12
33
17
35
31
5
1
20
1
27
9
6
7
16
2
-1
21
21
18
32
15
33
24
24
13
32
19
12
24
-1
25
6
11
17
23
4
0
27
5
1
32
17
9
9
35
17
29
35
19
24
7
9
0
1
13
8
16
22
15
15
20
3
8
33
4
18
17
7
-1
33
1
13
14
17
11
28
7
12
28
-1
34
33
33
20
16
10
26
-1
30
4
22
36
7
30
8
2
25
34
9
10
21
21
18
29
22
3
18
5
31
17
15
3
2
25
12
-1
8
-1
10
0
22
28
0
29
13
31
32
13
6
9
16
25
35
31
21
24
1
35
17
13
35
35
4
16
18
28
32
7
35
9
19
35
13
1
14
33
12
12
2
31
27
19
21
19
1
16
7
17
30
12
7
10
15
0
24
34
4
36
23
20
25
25
36
21
32
8
1
5
27
15
19
16
24
23
30
33
32
18
20
30
36
21
8
29
34
3
20
4
25
36
30
17
13
22
24
19
27
29
14
30
12
33
12
-1
34
7
14
30
13
28
2
34
10
22
19
36
24
13
21
26
9
11
13
28
16
15
31
36
31
17
25
26
21
21
27
25
20
28
29
0
25
8
29
26
13
26
32
20
13
1
6
14
36
24
8
16
30
32
35
4
25
32
25
21
15
26
-1
16
28
11
19
28
35
26
20
3
23
14
6
14
20
34
17
24
14
20
8
31
16
8
19
5
14
23
14
7
1
16
27
26
17
6
17
29
21
10
8
-2
13
15
34
3
17
14
32
25
0
1
15
0
16
31
6
35
24
29
20
26
10
-1
2
26
34
31
0
5
20
24
25
0
24
14
13
6
3
36
31
11
6
6
16
32
35
7
4
22
24
16
-1
22
12
20
31
21
35
1
11
14
31
36
36
12
5
33
9
11
36
1
25
6
13
29
29
31
19
16
12
27
8
22
33
12
35
0
29
8
28
19
29
26
6
26
36
22
36
19
24
19
10
29
26
21
-2
11
28
7
22
33
14
13
14
21
5
35
28
15
35
10
13
7
28
26
5
29
33
20
35
25
13
24
23
9
32
34
34
5
22
7
8
27
32
18
30
12
28
25
16
35
-1
18
24
17
10
27
22
30
6
16
0
17
29
13
29
24
13
17
19
1
27
6
31
-1
0
2
27
26
22
33
10
14
32
6
3
1
26
5
1
21
16
9
0
7
35
32
36
6
19
11
22
2
2
24
33
1
7
35
-1
3
27
0
11
0
1
7
13
16
6
29
23
0
26
13
22
29
31
-1
10
18
3
34
18
30
1
15
20
3
14
3
-2
36
25
22
20
-1
7
22
20
6
7
21
24
34
14
16
24
9
2
14
21
25
25
14
12
10
34
26
22
14
3
6
5
23
15
3
23
11
3
14
27
-1
23
21
4
35
27
3
21
10
-1
17
6
10
1
26
23
20
33
4
2
32
30
28
26
17
4
18
4
30
13
4
19
3
13
0
21
14
16
32
11
22
21
33
28
10
0
31
6
28
21
23
24
19
25
30
4
1
30
30
34
1
19
19
1